1780 3.1
1781 3.1
1782 3.2
1786 3.5
1788 2.5
1789 3.9
1791 5.1
1792 4.0
1811 3.5
1821 4.9
1822 5.9
1823 4.7
1824 5.8
1825 4.4
1826 4.2
1827 4.9
1828 3.3
1829 3.0
1830 4.1
1831 4.2
1832 3.5
1833 5.0
1834 4.4
1835 4.3
1836 5.2
1837 3.9
1838 3.0
1839 3.6
1840 2.5
1841 4.8
1842 3.5
1843 4.9
1844 3.4
1845 3.3
1846 4.0
1847 4.6
1848 4.9
1849 3.1
1850 3.7
1851 4.7
1852 3.5
1853 4.2
1854 4.6
1855 4.0
1856 3.5
1857 4.6
1858 4.5
1860 3.0
1861 3.1
1862 1.2
1863 5.2
1864 3.5
1865 3.2
1866 4.7
1867 2.6
1868 4.1
1869 5.5
1870 2.7
1871 3.2
1872 5.0
1873 4.4
1874 4.6
1875 1.3
1876 3.5
1877 3.3
1878 5.1
1879 2.8
1880 3.3
1881 2.5
1882 4.6
1883 3.7
1884 2.7
1885 3.4
1886 3.5
1887 4.1
1888 1.7
1889 3.0
1890 4.3
1891 3.6
1892 3.0
1893 2.2
1894 3.9
1895 3.3
1896 3.2
1897 4.5
1898 3.7
1899 3.4
1900 2.9
1901 4.3
1902 2.4
1903 5.1
1904 3.0
1905 4.2
1906 4.8
1907 1.9
1908 2.0
1909 3.5
1910 4.7
1911 3.2
1912 2.8
1913 4.5
1914 4.3
1915 3.2
1916 3.8
1917 3.1
1918 3.8
1919 2.9
1920 4.8
1921 4.3
1922 4.0
1923 3.8
1924 3.5
1925 5.4
1926 3.2
1927 3.4
1928 3.3
1929 3.0
1930 4.4
1931 3.3
1932 5.3
1933 2.7
1934 5.4
1935 4.7
1936 5.5
1937 5.3
1938 6.2
1939 4.8
1940 3.5
1941 1.8
1942 2.2
1943 4.8
1944 4.9
1945 3.2
1946 4.2
1947 4.0
1948 5.1
1949 5.7
1950 4.1
1951 4.4
1952 4.7
1953 4.4
1954 4.5
1955 4.1
1956 3.0
1957 5.8
1958 4.4
1959 4.6
1960 4.9
1961 5.8
1962 5.1
1963 3.8
1964 5.0
1965 3.9
1966 5.2
1967 5.3
1968 4.3
1969 3.1
1970 4.8
1971 4.8
1972 5.9
1973 5.2
1974 6.0
1975 6.6
1976 3.2
1977 5.0
1978 3.8
1979 5.0
1980 4.1
1981 6.4
1982 5.3
1983 6.2
1984 5.1
1985 4.0
1986 4.9
1987 3.2
1988 5.6
1989 7.1
1990 6.3
1991 6.2
1992 5.9
1993 4.7
1994 4.6
1995 6.6
1996 5.4
1997 5.0
1998 5.1
1999 6.6
2000 6.6
2001 5.9
2002 6.2
2003 5.7
2004 5.8
2005 6.2
2006 5.5
2007 7.1
2008 7.3
2009 6.2
2010 6.5
2011 6.7
2012 5.8
2013 6.7
2014 6.9
2015 7.4
2016 6.7
2017 6.3
2018 6.6
2019 7.8
2020 8.0
2021 6.5
